4294967294,65
4294967294,64
4294967294,603
4294967294,602
4294967294,589
4294967294,588
4294967294,587
4294967294,586
4294967294,585
4294967294,584
4294967294,582
4294967294,580
4294967294,578
4294967294,577
4294967294,81
4294967294,66
4294967279,552
4294967279,551
4294967279,550
4294967279,549
4294967279,548
4294967279,547
4294967279,546
4294967279,545
4294967279,544
4294967279,543
4294967279,542
4294967279,541
4294967279,540
4294967279,539
4294967279,538
4294967279,537
4294967279,536
4294967279,535
4294967279,534
4294967279,533
4294967279,532
4294967279,531
4294967279,530
4294967279,529
4294967279,528
4294967279,527
4294967279,526
4294967279,525
4294967279,524
4294967279,523
4294967279,522
4294967279,521
4294967279,520
4294967279,519
4294967279,518
4294967279,517
4294967279,516
4294967279,515
4294967279,514
4294967279,513
4294967279,512
4294967294,590
4294967294,601
4294967294,583
4294967294,63
4294967294,62
4294967294,61
4294967294,60
4294967294,11
4294967294,10
4294967294,23
4294967294,22
4294967294,21
4294967294,1038
4294967294,50
4294967294,35
4294967294,34
4294967294,33
4294967294,32
4294967294,31
4294967294,30
4294967294,7
4294967294,6
4294967279,511
4294967279,510
4294967279,509
4294967279,508
4294967279,507
4294967279,506
4294967279,505
4294967279,504
4294967279,503
4294967279,502
4294967279,501
4294967279,500
4294967279,499
4294967279,498
4294967279,497
4294967279,496
4294967279,495
4294967279,494
4294967279,493
4294967279,492
4294967279,491
4294967279,490
4294967279,489
4294967279,488
4294967279,487
4294967279,486
4294967279,485
4294967294,8
4294967294,59
4294967294,58
4294967294,1037
4294967294,1036
4294967294,1034
4294967294,1031
4294967294,1033
4294967294,1032
4294967294,14
4294967294,13
4294967294,12
4294967278,0
4294967294,1008
4294967294,1011
4294967294,966
4294967294,964
4294967294,1012
4294967294,989
4294967294,1474
4294967294,1478
4294967294,1472
4294967294,1016
4294967294,974
4294967294,960
4294967294,453
4294967294,471
4294967294,990
4294967294,1524
4294967294,1523
4294967294,1522
4294967294,1521
4294967294,1520
4294967294,1519
4294967294,1518
4294967294,1517
4294967294,1516
4294967294,1515
4294967294,1514
4294967294,1513
4294967294,1512
4294967294,1511
4294967294,1510
4294967294,1509
4294967294,1508
4294967294,472
4294967294,1507
4294967294,443
4294967294,433
4294967294,431
4294967294,428
4294967294,429
4294967294,446
4294967294,444
4294967294,423
4294967294,427
4294967294,413
4294967294,1417
4294967294,1416
4294967294,1415
4294967294,895
4294967294,1407
4294967294,1406
4294967294,1405
4294967294,1404
4294967294,1403
4294967294,1402
4294967294,1401
4294967294,1400
4294967294,1399
4294967294,1398
4294967294,1397
4294967294,1396
4294967294,1395
4294967294,1394
4294967294,1393
4294967294,1392
4294967294,1391
4294967294,1390
4294967294,1389
4294967294,1388
4294967294,1387
4294967294,1386
4243767290,0
4243767290,3
4243767290,2
4294967294,1297
4294967294,1341
4294967294,1319
4294967294,1317
4294967294,1310
4294967278,307
4294967278,277
4294967278,260
4243767282,0
4294967279,192
4294967279,193
4294967279,194
4294967279,195
4294967279,196
4294967279,197
4294967279,199
4294967279,198
4294967279,200
4294967279,201
4294967279,202
4294967279,203
4294967279,204
4294967279,205
4294967279,206
4294967279,207
4294967279,208
4294967279,209
4294967279,211
4243767289,0
4243767289,3
4243767289,2
4294967294,1230
4294967294,1265
4294967294,1252
4243767281,0
4294967279,134
4294967279,133
4294967279,135
4294967279,136
4294967279,137
4294967279,138
4294967279,139
4294967279,140
4294967279,141
4294967279,142
4294967279,143
4294967279,144
4294967279,145
4294967279,146
4294967279,147
4294967279,148
4294967279,149
4294967279,150
4294967279,151
4294967279,152
4294967279,153
4294967279,154
4294967279,158
4294967279,155
4294967279,156
4294967279,157
4294967294,1160
4294967294,1173
4294967294,1207
4294967294,1190
4294967294,1181
4294967294,1210
4294967294,1192
4294967294,1196
4294967294,1215
4294967294,1214
4294967294,1212
4294967294,1203
4294967294,1201
4294967294,1199
4294967294,1195
4294967294,1193
4294967294,1179
4294967294,1158
4294967294,191
4294967294,188
4294967294,181
4294967294,182
4294967294,180
4294967294,177
4294967294,176
4294967294,174
4294967294,173
4294967294,172
4294967294,171
4294967294,169
4294967294,163
4294967294,189
4294967294,160
4294967294,190
4294967294,164
4294967294,184
4294967294,168
4294967294,162
4294967294,161
4294967294,170
4294967294,185
4294967294,186
4294967294,178
4294967294,179
4294967294,183
